  1.0000  1.0000  1.0000  1.0000  1.0000  1.0000  1.0000  1.0000  1.0000  1.0000  1.0000  1.0000  1.0000  1.0000  1.0000  1.0000  1.0000  1.0000  1.0000  1.0000
  1.0000  0.9956  0.9911  0.9865  0.9817  0.9767  0.9712  0.9653  0.9587  0.9512  0.9425  0.9321  0.9192  0.9025  0.8800  0.8471  0.7948  0.7004  0.5014  0.0000
  1.0000  0.9912  0.9823  0.9732  0.9637  0.9537  0.9430  0.9313  0.9183  0.9037  0.8867  0.8666  0.8421  0.8110  0.7702  0.7138  0.6317  0.5056  0.3051  0.0000
  1.0000  0.9870  0.9738  0.9603  0.9462  0.9315  0.9157  0.8985  0.8796  0.8584  0.8341  0.8056  0.7714  0.7293  0.6759  0.6061  0.5126  0.3851  0.2136  0.0000
  1.0000  0.9829  0.9656  0.9479  0.9295  0.9102  0.8897  0.8675  0.8433  0.8162  0.7856  0.7503  0.7087  0.6589  0.5980  0.5223  0.4273  0.3085  0.1640  0.0000
  1.0000  0.9790  0.9578  0.9361  0.9137  0.8902  0.8653  0.8387  0.8096  0.7776  0.7418  0.7012  0.6543  0.5996  0.5349  0.4578  0.3660  0.2577  0.1340  0.0000
  1.0000  0.9754  0.9505  0.9251  0.8989  0.8716  0.8428  0.8121  0.7790  0.7429  0.7029  0.6583  0.6078  0.5502  0.4841  0.4081  0.3209  0.2225  0.1142  0.0000
  1.0000  0.9720  0.9437  0.9149  0.8853  0.8545  0.8222  0.7880  0.7514  0.7119  0.6687  0.6211  0.5684  0.5094  0.4434  0.3694  0.2872  0.1970  0.1004  0.0000
  1.0000  0.9689  0.9374  0.9055  0.8727  0.8389  0.8035  0.7663  0.7268  0.6845  0.6389  0.5893  0.5351  0.4757  0.4105  0.3390  0.2614  0.1781  0.0903  0.0000
  1.0000  0.9660  0.9317  0.8969  0.8614  0.8247  0.7867  0.7469  0.7049  0.6604  0.6130  0.5620  0.5071  0.4478  0.3838  0.3149  0.2413  0.1636  0.0826  0.0000
  1.0000  0.9634  0.9265  0.8892  0.8511  0.8120  0.7716  0.7296  0.6856  0.6394  0.5905  0.5387  0.4835  0.4246  0.3619  0.2955  0.2254  0.1522  0.0767  0.0000
  1.0000  0.9610  0.9218  0.8821  0.8418  0.8005  0.7581  0.7142  0.6686  0.6210  0.5711  0.5187  0.4634  0.4052  0.3439  0.2796  0.2126  0.1431  0.0720  0.0000
  1.0000  0.9588  0.9175  0.8757  0.8334  0.7902  0.7460  0.7006  0.6536  0.6049  0.5543  0.5015  0.4464  0.3889  0.3289  0.2666  0.2021  0.1358  0.0682  0.0000
  1.0000  0.9569  0.9136  0.8700  0.8258  0.7810  0.7352  0.6884  0.6403  0.5908  0.5396  0.4867  0.4318  0.3750  0.3163  0.2557  0.1934  0.1297  0.0651  0.0000
  1.0000  0.9551  0.9101  0.8647  0.8190  0.7726  0.7255  0.6775  0.6285  0.5783  0.5267  0.4737  0.4192  0.3631  0.3055  0.2464  0.1861  0.1247  0.0625  0.0000
  1.0000  0.9535  0.9068  0.8599  0.8127  0.7650  0.7167  0.6677  0.6179  0.5671  0.5152  0.4623  0.4081  0.3527  0.2961  0.2385  0.1798  0.1203  0.0603  0.0000
  1.0000  0.9519  0.9038  0.8555  0.8069  0.7580  0.7086  0.6587  0.6082  0.5569  0.5049  0.4520  0.3982  0.3435  0.2879  0.2315  0.1743  0.1166  0.0584  0.0000
  1.0000  0.9505  0.9009  0.8512  0.8014  0.7514  0.7010  0.6503  0.5992  0.5476  0.4954  0.4427  0.3893  0.3352  0.2805  0.2252  0.1694  0.1132  0.0567  0.0000
  1.0000  0.9491  0.8982  0.8472  0.7962  0.7451  0.6938  0.6424  0.5907  0.5388  0.4866  0.4340  0.3810  0.3276  0.2737  0.2195  0.1650  0.1102  0.0551  0.0000
  1.0000  0.9477  0.8955  0.8432  0.7910  0.7389  0.6868  0.6346  0.5825  0.5303  0.4780  0.4256  0.3731  0.3203  0.2673  0.2142  0.1608  0.1073  0.0537  0.0000
  1.0000  0.9463  0.8927  0.8392  0.7858  0.7327  0.6797  0.6269  0.5744  0.5220  0.4697  0.4175  0.3654  0.3132  0.2611  0.2090  0.1568  0.1045  0.0523  0.0000
  1.0000  0.9449  0.8898  0.8350  0.7805  0.7263  0.6724  0.6190  0.5660  0.5134  0.4612  0.4093  0.3576  0.3062  0.2549  0.2038  0.1528  0.1018  0.0509  0.0000
  1.0000  0.9433  0.8868  0.8306  0.7748  0.7195  0.6648  0.6107  0.5573  0.5046  0.4524  0.4008  0.3497  0.2990  0.2486  0.1986  0.1488  0.0991  0.0495  0.0000
  1.0000  0.9416  0.8834  0.8257  0.7685  0.7121  0.6565  0.6018  0.5480  0.4951  0.4431  0.3918  0.3413  0.2914  0.2420  0.1931  0.1445  0.0962  0.0481  0.0000
  1.0000  0.9397  0.8797  0.8202  0.7615  0.7039  0.6473  0.5919  0.5377  0.4848  0.4329  0.3821  0.3323  0.2833  0.2350  0.1873  0.1401  0.0932  0.0465  0.0000
  1.0000  0.9375  0.8753  0.8139  0.7536  0.6945  0.6369  0.5808  0.5263  0.4733  0.4217  0.3715  0.3225  0.2745  0.2274  0.1810  0.1353  0.0899  0.0449  0.0000
  1.0000  0.9349  0.8703  0.8066  0.7443  0.6837  0.6250  0.5682  0.5133  0.4604  0.4092  0.3597  0.3116  0.2648  0.2190  0.1742  0.1300  0.0864  0.0431  0.0000
  1.0000  0.9318  0.8642  0.7979  0.7334  0.6711  0.6111  0.5536  0.4985  0.4457  0.3951  0.3464  0.2994  0.2540  0.2098  0.1666  0.1243  0.0825  0.0412  0.0000
  1.0000  0.9280  0.8569  0.7874  0.7204  0.6561  0.5948  0.5366  0.4813  0.4289  0.3790  0.3314  0.2858  0.2419  0.1995  0.1582  0.1179  0.0782  0.0390  0.0000
  1.0000  0.9233  0.8478  0.7746  0.7045  0.6381  0.5754  0.5165  0.4613  0.4095  0.3606  0.3144  0.2704  0.2284  0.1880  0.1489  0.1108  0.0735  0.0366  0.0000
  1.0000  0.9174  0.8364  0.7587  0.6851  0.6162  0.5522  0.4929  0.4380  0.3870  0.3396  0.2951  0.2531  0.2133  0.1753  0.1386  0.1031  0.0683  0.0340  0.0000
  1.0000  0.9097  0.8219  0.7386  0.6610  0.5895  0.5243  0.4649  0.4107  0.3611  0.3155  0.2732  0.2337  0.1965  0.1611  0.1273  0.0945  0.0626  0.0311  0.0000
  1.0000  0.8996  0.8030  0.7128  0.6306  0.5566  0.4906  0.4316  0.3789  0.3313  0.2881  0.2486  0.2120  0.1778  0.1455  0.1147  0.0851  0.0563  0.0280  0.0000
  1.0000  0.8858  0.7775  0.6791  0.5919  0.5159  0.4498  0.3922  0.3417  0.2971  0.2571  0.2210  0.1879  0.1572  0.1284  0.1011  0.0749  0.0495  0.0246  0.0000
  1.0000  0.8660  0.7423  0.6340  0.5422  0.4651  0.4004  0.3457  0.2988  0.2582  0.2224  0.1904  0.1613  0.1347  0.1098  0.0863  0.0639  0.0422  0.0210  0.0000
  1.0000  0.8360  0.6915  0.5727  0.4777  0.4020  0.3411  0.2913  0.2497  0.2144  0.1838  0.1567  0.1325  0.1103  0.0898  0.0705  0.0521  0.0344  0.0171  0.0000
  1.0000  0.7864  0.6149  0.4874  0.3939  0.3241  0.2707  0.2286  0.1944  0.1659  0.1416  0.1204  0.1015  0.0843  0.0685  0.0538  0.0397  0.0262  0.0130  0.0000
  1.0000  0.6949  0.4944  0.3683  0.2862  0.2298  0.1890  0.1579  0.1334  0.1133  0.0963  0.0817  0.0687  0.0570  0.0463  0.0363  0.0268  0.0177  0.0088  0.0000
  1.0000  0.4986  0.2996  0.2052  0.1529  0.1200  0.0975  0.0808  0.0679  0.0575  0.0488  0.0413  0.0347  0.0288  0.0233  0.0183  0.0135  0.0089  0.0044  0.0000
  1.0000  0.0000  0.0000  0.0000  0.0000  0.0000  0.0000  0.0000  0.0000  0.0000  0.0000  0.0000  0.0000  0.0000  0.0000  0.0000  0.0000  0.0000  0.0000  0.0000
